crossing time (s)	slope (V/s)	crossing number
281474976710655.000000	-169.453384	3774	0.000000
281474976710655.000000	-74.003014	3775	0.000000
281474976710655.000000	-76.137390	3776	0.000000
281474976710655.000000	-67.821320	3777	0.000000
281474976710655.000000	-74.352280	3778	0.000000
281474976710655.000000	-105.699028	3779	0.000000
281474976710655.000000	-146.318054	3780	0.000000
281474976710655.000000	-73.375923	3781	0.000000
281474976710655.000000	-106.335220	3782	0.000000
281474976710655.000000	-83.933182	3783	0.000000
281474976710655.000000	-103.123405	3784	0.000000
281474976710655.000000	-97.159462	3785	0.000000
281474976710655.000000	-116.946167	3786	0.000000
281474976710655.000000	-132.816772	3787	0.000000
281474976710655.000000	-103.338463	3788	0.000000
281474976710655.000000	-98.317085	3789	0.000000
281474976710655.000000	-114.283913	3790	0.000000
281474976710655.000000	-110.872559	3791	0.000000
281474976710655.000000	-71.114151	3792	0.000000
281474976710655.000000	-80.743446	3793	0.000000
281474976710655.000000	-102.442429	3794	0.000000
281474976710655.000000	-122.477470	3795	0.000000
281474976710655.000000	-144.058105	3796	0.000000
281474976710655.000000	-77.052704	3797	0.000000
281474976710655.000000	-109.871513	3798	0.000000
281474976710655.000000	-70.364601	3799	0.000000
281474976710655.000000	-104.878044	3800	0.000000
281474976710655.000000	-85.273766	3801	0.000000
281474976710655.000000	-88.941216	3802	0.000000
281474976710655.000000	-107.265823	3803	0.000000
281474976710655.000000	-81.764511	3804	0.000000
281474976710655.000000	-96.952171	3805	0.000000
281474976710655.000000	-79.734985	3806	0.000000
281474976710655.000000	-98.988495	3807	0.000000
281474976710655.000000	-85.243935	3808	0.000000
281474976710655.000000	-91.990433	3809	0.000000
281474976710655.000000	-137.019150	3810	0.000000
281474976710655.000000	-75.882294	3811	0.000000
281474976710655.000000	-103.450493	3812	0.000000
281474976710655.000000	-92.621887	3813	0.000000
281474976710655.000000	-142.998566	3814	0.000000
281474976710655.000000	-93.607872	3815	0.000000
281474976710655.000000	-106.483383	3816	0.000000
281474976710655.000000	-89.903122	3817	0.000000
281474976710655.000000	-103.540298	3818	0.000000
281474976710655.000000	-79.740494	3819	0.000000
281474976710655.000000	-105.709991	3820	0.000000
281474976710655.000000	-74.774406	3821	0.000000
281474976710655.000000	-103.096695	3822	0.000000
281474976710655.000000	-135.226837	3823	0.000000
281474976710655.000000	-97.430099	3824	0.000000
281474976710655.000000	-135.900543	3825	0.000000
281474976710655.000000	-100.981789	3826	0.000000
281474976710655.000000	-132.824448	3827	0.000000
281474976710655.000000	-98.224937	3828	0.000000
281474976710655.000000	-102.758163	3829	0.000000
281474976710655.000000	-112.516228	3830	0.000000
281474976710655.000000	-99.812813	3831	0.000000
281474976710655.000000	-100.230835	3832	0.000000
281474976710655.000000	-84.462044	3833	0.000000
281474976710655.000000	-111.047920	3834	0.000000
281474976710655.000000	-102.073639	3835	0.000000
281474976710655.000000	-70.115898	3836	0.000000
281474976710655.000000	-118.519974	3837	0.000000
281474976710655.000000	-134.835144	3838	0.000000
281474976710655.000000	-85.668549	3839	0.000000
281474976710655.000000	-104.811569	3840	0.000000
281474976710655.000000	-114.290886	3841	0.000000
281474976710655.000000	-101.155022	3842	0.000000
281474976710655.000000	-76.191902	3843	0.000000
281474976710655.000000	-141.297379	3844	0.000000
281474976710655.000000	-79.781044	3845	0.000000
281474976710655.000000	-104.737892	3846	0.000000
281474976710655.000000	-101.115906	3847	0.000000
281474976710655.000000	-137.937622	3848	0.000000
281474976710655.000000	-78.492889	3849	0.000000
281474976710655.000000	-99.649757	3850	0.000000
281474976710655.000000	-85.459656	3851	0.000000
281474976710655.000000	-76.440590	3852	0.000000
281474976710655.000000	-81.660919	3853	0.000000
281474976710655.000000	-97.679642	3854	0.000000
281474976710655.000000	-101.553726	3855	0.000000
281474976710655.000000	-94.463112	3856	0.000000
281474976710655.000000	-130.585342	3857	0.000000
281474976710655.000000	-97.794281	3858	0.000000
281474976710655.000000	-101.464439	3859	0.000000
281474976710655.000000	-135.447922	3860	0.000000
281474976710655.000000	-75.217461	3861	0.000000
281474976710655.000000	-138.840179	3862	0.000000
281474976710655.000000	-72.147400	3863	0.000000
281474976710655.000000	-102.314003	3864	0.000000
281474976710655.000000	-122.459335	3865	0.000000
281474976710655.000000	-78.718018	3866	0.000000
281474976710655.000000	-94.275215	3867	0.000000
281474976710655.000000	-77.251884	3868	0.000000
281474976710655.000000	-125.436653	3869	0.000000
281474976710655.000000	-102.364281	3870	0.000000
281474976710655.000000	-123.597542	3871	0.000000
281474976710655.000000	-101.174080	3872	0.000000
281474976710655.000000	-120.990532	3873	0.000000
281474976710655.000000	-83.277466	3874	0.000000
281474976710655.000000	-80.441994	3875	0.000000
281474976710655.000000	-102.725159	3876	0.000000
281474976710655.000000	-65.847801	3877	0.000000
281474976710655.000000	-77.034851	3878	0.000000
281474976710655.000000	-100.201202	3879	0.000000
281474976710655.000000	-149.612228	3880	0.000000
281474976710655.000000	-140.607849	3881	0.000000
281474976710655.000000	-148.106567	3882	0.000000
281474976710655.000000	-113.709251	3883	0.000000
281474976710655.000000	-100.564003	3884	0.000000
281474976710655.000000	-85.112587	3885	0.000000
281474976710655.000000	-130.316833	3886	0.000000
281474976710655.000000	-94.252640	3887	0.000000
281474976710655.000000	-82.867767	3888	0.000000
281474976710655.000000	-83.382294	3889	0.000000
281474976710655.000000	-94.115768	3890	0.000000
281474976710655.000000	-70.847153	3891	0.000000
281474976710655.000000	-98.613297	3892	0.000000
281474976710655.000000	-92.445671	3893	0.000000
281474976710655.000000	-77.351143	3894	0.000000
281474976710655.000000	-88.965645	3895	0.000000
281474976710655.000000	-96.227783	3896	0.000000
281474976710655.000000	-92.626587	3897	0.000000
281474976710655.000000	-62.853962	3898	0.000000
281474976710655.000000	-123.981407	3899	0.000000
281474976710655.000000	-75.876396	3900	0.000000
281474976710655.000000	-94.803246	3901	0.000000
281474976710655.000000	-75.558670	3902	0.000000
281474976710655.000000	-88.044624	3903	0.000000
281474976710655.000000	-96.878326	3904	0.000000
281474976710655.000000	-94.385010	3905	0.000000
281474976710655.000000	-104.583511	3906	0.000000
281474976710655.000000	-73.908958	3907	0.000000
281474976710655.000000	-95.393295	3908	0.000000
281474976710655.000000	-90.451866	3909	0.000000
281474976710655.000000	-76.246323	3910	0.000000
281474976710655.000000	-120.722473	3911	0.000000
281474976710655.000000	-95.893944	3912	0.000000
281474976710655.000000	-73.096054	3913	0.000000
281474976710655.000000	-75.163307	3914	0.000000
281474976710655.000000	-112.584282	3915	0.000000
281474976710655.000000	-147.426682	3916	0.000000
281474976710655.000000	-93.463524	3917	0.000000
281474976710655.000000	-104.848991	3918	0.000000
281474976710655.000000	-77.992783	3919	0.000000
281474976710655.000000	-96.975174	3920	0.000000
281474976710655.000000	-98.260628	3921	0.000000
281474976710655.000000	-93.425308	3922	0.000000
281474976710655.000000	-97.810852	3923	0.000000
281474976710655.000000	-73.452209	3924	0.000000
281474976710655.000000	-82.434074	3925	0.000000
281474976710655.000000	-125.251335	3926	0.000000
281474976710655.000000	-74.825790	3927	0.000000
281474976710655.000000	-80.703911	3928	0.000000
281474976710655.000000	-96.126373	3929	0.000000
281474976710655.000000	-75.430916	3930	0.000000
281474976710655.000000	-96.270981	3931	0.000000
281474976710655.000000	-77.984146	3932	0.000000
281474976710655.000000	-91.982605	3933	0.000000
281474976710655.000000	-93.658882	3934	0.000000
281474976710655.000000	-103.973000	3935	0.000000
281474976710655.000000	-93.630959	3936	0.000000
281474976710655.000000	-91.670944	3937	0.000000
281474976710655.000000	-91.357635	3938	0.000000
281474976710655.000000	-73.654312	3939	0.000000
281474976710655.000000	-86.192192	3940	0.000000
281474976710655.000000	-94.321442	3941	0.000000
281474976710655.000000	-81.079208	3942	0.000000
281474976710655.000000	-93.156929	3943	0.000000
281474976710655.000000	-89.852791	3944	0.000000
281474976710655.000000	-129.632309	3945	0.000000
281474976710655.000000	-77.559868	3946	0.000000
281474976710655.000000	-96.502754	3947	0.000000
281474976710655.000000	-70.219536	3948	0.000000
281474976710655.000000	-84.209778	3949	0.000000
281474976710655.000000	-75.981773	3950	0.000000
281474976710655.000000	-92.479385	3951	0.000000
281474976710655.000000	-100.136276	3952	0.000000
281474976710655.000000	-78.296692	3953	0.000000
281474976710655.000000	-95.148918	3954	0.000000
281474976710655.000000	-92.142143	3955	0.000000
281474976710655.000000	-118.807411	3956	0.000000
281474976710655.000000	-78.599617	3957	0.000000
281474976710655.000000	-93.931740	3958	0.000000
281474976710655.000000	-88.501648	3959	0.000000
281474976710655.000000	-89.795898	3960	0.000000
281474976710655.000000	-91.567345	3961	0.000000
281474976710655.000000	-77.834023	3962	0.000000
281474976710655.000000	-60.153896	3963	0.000000
281474976710655.000000	-71.478027	3964	0.000000
281474976710655.000000	-89.107544	3965	0.000000
281474976710655.000000	-68.459549	3966	0.000000
281474976710655.000000	-97.510780	3967	0.000000
281474976710655.000000	-97.049744	3968	0.000000
281474976710655.000000	-92.185692	3969	0.000000
281474976710655.000000	-78.841797	3970	0.000000
281474976710655.000000	-73.249542	3971	0.000000
281474976710655.000000	-87.353798	3972	0.000000
281474976710655.000000	-89.427025	3973	0.000000
281474976710655.000000	-88.151955	3974	0.000000
281474976710655.000000	-73.790207	3975	0.000000
281474976710655.000000	-87.549797	3976	0.000000
281474976710655.000000	-98.855125	3977	0.000000
281474976710655.000000	-89.603767	3978	0.000000
281474976710655.000000	-76.070053	3979	0.000000
281474976710655.000000	-67.583565	3980	0.000000
281474976710655.000000	-85.911568	3981	0.000000
281474976710655.000000	-104.982071	3982	0.000000
281474976710655.000000	-84.670868	3983	0.000000
281474976710655.000000	-77.517548	3984	0.000000
281474976710655.000000	-107.409752	3985	0.000000
281474976710655.000000	-106.627914	3986	0.000000
281474976710655.000000	-101.201469	3987	0.000000
281474976710655.000000	-87.561264	3988	0.000000
281474976710655.000000	-116.216331	3989	0.000000
281474976710655.000000	-81.498817	3990	0.000000
281474976710655.000000	-93.842804	3991	0.000000
281474976710655.000000	-81.705292	3992	0.000000
281474976710655.000000	-117.902023	3993	0.000000
281474976710655.000000	-82.923607	3994	0.000000
281474976710655.000000	-95.738968	3995	0.000000
281474976710655.000000	-110.727478	3996	0.000000
281474976710655.000000	-72.935982	3997	0.000000
281474976710655.000000	-105.691978	3998	0.000000
281474976710655.000000	-91.337746	3999	0.000000
281474976710655.000000	-71.343613	4000	0.000000
281474976710655.000000	-84.158699	4001	0.000000
281474976710655.000000	-87.114639	4002	0.000000
281474976710655.000000	-109.212517	4003	0.000000
281474976710655.000000	-112.447983	4004	0.000000
281474976710655.000000	-90.659882	4005	0.000000
281474976710655.000000	-84.057434	4006	0.000000
281474976710655.000000	-118.985779	4007	0.000000
281474976710655.000000	-114.515663	4008	0.000000
281474976710655.000000	-88.175789	4009	0.000000
281474976710655.000000	-84.751305	4010	0.000000
281474976710655.000000	-70.582794	4011	0.000000
281474976710655.000000	-81.211380	4012	0.000000
281474976710655.000000	-86.982704	4013	0.000000
281474976710655.000000	-91.546570	4014	0.000000
281474976710655.000000	-112.156433	4015	0.000000
281474976710655.000000	-85.032127	4016	0.000000
281474976710655.000000	-72.507866	4017	0.000000
281474976710655.000000	-109.867165	4018	0.000000
281474976710655.000000	-119.553070	4019	0.000000
281474976710655.000000	-69.780609	4020	0.000000
281474976710655.000000	-100.456863	4021	0.000000
281474976710655.000000	-102.078766	4022	0.000000
281474976710655.000000	-113.128014	4023	0.000000
281474976710655.000000	-82.714714	4024	0.000000
281474976710655.000000	-103.941772	4025	0.000000
281474976710655.000000	-108.389542	4026	0.000000
281474976710655.000000	-81.130623	4027	0.000000
281474976710655.000000	-73.198120	4028	0.000000
281474976710655.000000	-83.059547	4029	0.000000
281474976710655.000000	-88.677559	4030	0.000000
281474976710655.000000	-91.394775	4031	0.000000
281474976710655.000000	-90.203270	4032	0.000000
281474976710655.000000	-103.597382	4033	0.000000
281474976710655.000000	-77.599220	4034	0.000000
281474976710655.000000	-82.704872	4035	0.000000
281474976710655.000000	-64.683029	4036	0.000000
281474976710655.000000	-73.992355	4037	0.000000
281474976710655.000000	-83.543175	4038	0.000000
281474976710655.000000	-97.573006	4039	0.000000
281474976710655.000000	-81.319778	4040	0.000000
281474976710655.000000	-81.139999	4041	0.000000
281474976710655.000000	-103.400291	4042	0.000000
281474976710655.000000	-87.645935	4043	0.000000
281474976710655.000000	-70.534721	4044	0.000000
281474976710655.000000	-84.526489	4045	0.000000
281474976710655.000000	-88.744438	4046	0.000000
281474976710655.000000	-85.890724	4047	0.000000
281474976710655.000000	-83.009300	4048	0.000000
281474976710655.000000	-70.417084	4049	0.000000
281474976710655.000000	-69.555809	4050	0.000000
281474976710655.000000	-86.969444	4051	0.000000
281474976710655.000000	-71.569939	4052	0.000000
281474976710655.000000	-97.171028	4053	0.000000
281474976710655.000000	-81.442032	4054	0.000000
281474976710655.000000	-108.547997	4055	0.000000
281474976710655.000000	-64.287865	4056	0.000000
281474976710655.000000	-85.831932	4057	0.000000
281474976710655.000000	-106.766884	4058	0.000000
281474976710655.000000	-73.705215	4059	0.000000
281474976710655.000000	-79.055206	4060	0.000000
281474976710655.000000	-99.342781	4061	0.000000
281474976710655.000000	-66.515221	4062	0.000000
281474976710655.000000	-80.655937	4063	0.000000
281474976710655.000000	-97.138161	4064	0.000000
281474976710655.000000	-91.836510	4065	0.000000
281474976710655.000000	-92.190491	4066	0.000000
281474976710655.000000	-83.692818	4067	0.000000
281474976710655.000000	-65.382469	4068	0.000000
281474976710655.000000	-78.453094	4069	0.000000
281474976710655.000000	-67.783249	4070	0.000000
281474976710655.000000	-98.850502	4071	0.000000
281474976710655.000000	-104.038651	4072	0.000000
281474976710655.000000	-106.227623	4073	0.000000
281474976710655.000000	-79.506897	4074	0.000000
281474976710655.000000	-97.751808	4075	0.000000
281474976710655.000000	-67.912033	4076	0.000000
281474976710655.000000	-69.774239	4077	0.000000
281474976710655.000000	-80.765572	4078	0.000000
281474976710655.000000	-67.266426	4079	0.000000
281474976710655.000000	-91.472900	4080	0.000000
281474976710655.000000	-70.349678	4081	0.000000
281474976710655.000000	-73.747589	4082	0.000000
281474976710655.000000	-80.301620	4083	0.000000
281474976710655.000000	-66.833702	4084	0.000000
281474976710655.000000	-79.737297	4085	0.000000
281474976710655.000000	-67.265915	4086	0.000000
281474976710655.000000	-85.398781	4087	0.000000
281474976710655.000000	-102.561150	4088	0.000000
281474976710655.000000	-85.625740	4089	0.000000
281474976710655.000000	-74.658783	4090	0.000000
281474976710655.000000	-82.528389	4091	0.000000
