num crossings	time (s)	maj axis (mm)	min axis (mm)	theta (rad )	slope (V/s)
93	96.822463	66.465187	-5.219395	-1.437757	4.240433
95	98.895065	64.119882	-4.930034	-1.442585	4.439674
97	100.974604	69.097542	-4.569500	-1.459337	5.725933
99	103.046327	68.463394	-5.637065	-1.439741	4.374322
101	105.119578	69.145211	-5.756604	-1.442547	4.825509
103	107.192765	68.511374	-5.679718	-1.448693	4.544530
105	109.269263	69.036332	-5.529199	-1.454418	5.482983
107	111.342394	69.056484	-5.844510	-1.449925	5.032821
109	113.415123	68.381900	-6.232268	-1.440551	5.051834
111	115.491943	70.262276	-5.803691	-1.451577	5.875759
113	117.564371	69.158426	-6.348374	-1.447067	5.526824
115	119.637522	70.587574	-6.677079	-1.440721	5.665500
117	121.710223	68.755422	-6.756930	-1.446037	6.014105
119	123.782230	67.636055	-6.707340	-1.442137	4.971086
121	125.859448	70.602112	-6.903835	-1.440472	6.010342
123	127.931192	69.673241	-6.322136	-1.446609	6.298486
125	130.003197	68.553599	-7.313553	-1.434649	5.849800
127	132.076002	67.474872	-6.854847	-1.443628	4.974130
129	134.147422	68.205953	-6.876902	-1.441376	5.122154
131	136.223330	68.773158	-6.988879	-1.445065	5.724513
133	138.295439	67.826338	-6.881475	-1.446732	5.547045
135	140.367761	68.931292	-7.424449	-1.435606	5.536701
137	142.440283	71.048071	-9.145303	-1.465766	4.786668
139	144.510895	81.016682	-29.699696	5.068667	4.810023
141	146.578306	80.763375	-31.014372	5.098832	4.069007
145	150.722301	80.048465	-32.948488	5.145077	3.291914
149	154.875920	76.239381	-27.778737	5.038767	3.623704
151	156.954460	82.847381	-30.122734	5.075803	4.663146
155	161.099648	77.663829	-27.181273	5.018493	4.454252
157	163.172082	80.351708	-29.692050	5.054902	4.385629
161	167.308443	77.519791	-32.556072	5.110509	3.180104
163	169.380986	80.447796	-34.024094	5.134832	3.702992
167	173.529880	79.793825	-32.440351	5.077827	4.062881
169	175.603998	80.458041	-32.693606	5.070088	3.596368
173	179.762682	83.746386	-30.476900	5.021051	6.216097
175	181.830891	78.731248	-29.327493	5.011104	4.287420
179	185.969868	78.961993	-32.101872	5.059797	3.694409
181	188.039832	78.667379	-33.507790	5.083553	3.407383
185	192.183751	76.931019	-33.478027	5.081222	3.880855
187	194.256055	78.992159	-34.852658	5.089589	3.174170
191	198.402674	78.866198	-34.793671	5.077767	3.689868
193	200.473915	78.521386	-35.431896	5.092345	3.296243
197	204.619864	78.122081	-35.673277	5.091474	3.506970
199	206.691176	74.705706	-33.967765	5.067664	3.092788
203	210.846861	78.574678	-33.570541	5.039688	4.044059
205	212.925017	78.784220	-32.028342	5.008647	4.209388
209	217.072600	74.407916	-33.699981	4.954787	4.155792
213	221.255483	84.993081	-41.999505	4.958289	2.836067
215	223.334199	84.483481	-41.319519	4.938476	3.286926
217	225.402425	83.681095	-41.158934	4.940365	3.056745
219	227.473931	83.394404	-41.994235	4.945028	3.197823
221	229.547069	83.288718	-41.726850	4.934194	2.542336
223	231.619879	84.059706	-42.373048	4.937288	2.978558
225	233.692910	82.694358	-41.957031	4.919880	2.836492
227	235.765735	83.495223	-42.425053	4.921421	2.779217
229	237.838567	83.506804	-42.126579	4.909331	3.521957
231	239.906126	82.134054	-42.928498	4.920176	2.791253
233	241.979472	81.863461	-42.670727	4.911339	2.761327
235	244.046635	79.872870	-42.924668	4.917111	2.223013
237	246.118959	81.789193	-44.102656	4.918201	2.414857
239	248.196286	81.084049	-43.201644	4.898442	2.692905
241	250.264637	79.322498	-43.172083	4.904709	2.382204
243	252.341614	79.746636	-42.850970	4.878901	3.039212
245	254.408660	80.331490	-44.371987	4.904898	2.153071
247	256.481149	79.525924	-44.137795	4.894275	2.080746
249	258.549205	78.221653	-44.779621	4.902108	1.678547
251	260.631781	78.970940	-43.148494	4.863247	2.442167
253	262.698763	77.826532	-44.221940	4.877712	2.154031
255	264.777099	78.584380	-43.633847	4.857832	2.248896
257	266.849958	77.916968	-43.457748	4.848426	2.204340
259	268.921717	78.316855	-43.846271	4.847045	1.932365
261	270.994908	77.448070	-43.750387	4.839624	2.282091
263	273.068180	76.327561	-43.349728	4.822472	2.227262
265	275.145105	76.332961	-42.725726	4.804672	3.039778
267	277.219061	77.118243	-43.219564	4.800185	2.459356
271	281.368920	77.865737	-43.067374	4.781330	2.669158
273	283.444981	76.645601	-42.230279	4.754904	2.960192
277	287.594300	77.538984	-42.353951	4.735456	2.900875
279	289.662473	77.105993	-43.134014	4.750806	2.607864
283	293.810665	76.440514	-42.576764	4.728811	2.505705
287	297.956195	75.564628	-42.697964	4.717129	2.485363
289	300.033127	76.676164	-42.496458	4.698559	2.864596
293	304.176473	74.243514	-42.370851	4.684831	2.773378
295	306.248510	75.221834	-43.022650	4.690012	2.818812
299	310.392912	73.495113	-42.709805	4.668518	2.726881
301	312.462533	73.488839	-43.228433	4.675111	2.387944
303	314.533499	72.464183	-43.592309	4.681758	2.189579
305	316.603762	72.036389	-43.881308	4.679893	1.860239
309	320.748714	71.584418	-44.037023	4.677205	2.355465
311	322.821268	70.711143	-43.528170	4.659726	1.745049
315	326.965519	69.969337	-44.075516	4.652446	2.169024
317	329.038379	70.256972	-44.401505	4.656138	1.748743
321	333.184428	5.216905	-83.908034	-2.962165	NaN
321	333.184428	42.979458	22.717031	-0.962374	1.061151
323	609.035296	30.363193	49.317120	0.957352	0.658524
325	613.179991	0.000000	40.024353	3.896118	1.133166
329	620.102470	56.970919	-9.571637	4.843009	3.541922
331	622.170468	56.327236	-10.232341	4.853316	3.325764
333	624.236589	52.701961	-9.845544	4.855572	2.904300
335	626.308299	39.034073	-20.844787	5.075822	3.162928
339	631.181158	87.204564	-4.374243	4.775194	5.739854
341	633.253955	82.842026	-3.946605	4.764078	5.771225
