crossing time (s)	slope (V/s)	crossing number
281474976710655.000000	-27.095810	3293	0.000000
281474976710655.000000	-23.419649	3294	0.000000
281474976710655.000000	-26.122946	3295	0.000000
281474976710655.000000	-26.598520	3296	0.000000
281474976710655.000000	-26.325670	3297	0.000000
281474976710655.000000	-27.698793	3298	0.000000
281474976710655.000000	-24.851803	3299	0.000000
281474976710655.000000	-27.259914	3300	0.000000
281474976710655.000000	-28.287031	3301	0.000000
281474976710655.000000	-24.910339	3302	0.000000
281474976710655.000000	-26.921665	3303	0.000000
281474976710655.000000	-27.765930	3304	0.000000
281474976710655.000000	-26.930376	3305	0.000000
281474976710655.000000	-24.449455	3306	0.000000
281474976710655.000000	-26.807583	3307	0.000000
281474976710655.000000	-27.260565	3308	0.000000
281474976710655.000000	-25.434919	3309	0.000000
281474976710655.000000	-25.238831	3310	0.000000
281474976710655.000000	-27.774529	3311	0.000000
281474976710655.000000	-27.403536	3312	0.000000
281474976710655.000000	-25.399025	3313	0.000000
281474976710655.000000	-26.155638	3314	0.000000
281474976710655.000000	-27.343172	3315	0.000000
281474976710655.000000	-26.848509	3316	0.000000
281474976710655.000000	-26.214685	3317	0.000000
281474976710655.000000	-25.958284	3318	0.000000
281474976710655.000000	-25.206268	3319	0.000000
281474976710655.000000	-27.172287	3320	0.000000
281474976710655.000000	-28.485548	3321	0.000000
281474976710655.000000	-27.872566	3322	0.000000
281474976710655.000000	-25.261690	3323	0.000000
281474976710655.000000	-26.398214	3324	0.000000
281474976710655.000000	-26.541098	3325	0.000000
281474976710655.000000	-25.091675	3326	0.000000
281474976710655.000000	-26.582041	3327	0.000000
281474976710655.000000	-25.143887	3328	0.000000
281474976710655.000000	-25.617275	3329	0.000000
281474976710655.000000	-24.849884	3330	0.000000
281474976710655.000000	-25.221119	3331	0.000000
281474976710655.000000	-28.207344	3332	0.000000
281474976710655.000000	-25.697985	3333	0.000000
281474976710655.000000	-26.520252	3334	0.000000
281474976710655.000000	-21.460199	3335	0.000000
281474976710655.000000	-21.829699	3336	0.000000
281474976710655.000000	-25.828487	3337	0.000000
281474976710655.000000	-24.381779	3338	0.000000
281474976710655.000000	-25.620493	3339	0.000000
281474976710655.000000	-26.708290	3340	0.000000
281474976710655.000000	-23.536829	3341	0.000000
281474976710655.000000	-24.642452	3342	0.000000
281474976710655.000000	-24.779413	3343	0.000000
281474976710655.000000	-24.782019	3344	0.000000
281474976710655.000000	-26.529997	3345	0.000000
281474976710655.000000	-26.898014	3346	0.000000
281474976710655.000000	-23.049604	3347	0.000000
281474976710655.000000	-25.477678	3348	0.000000
281474976710655.000000	-23.200636	3349	0.000000
281474976710655.000000	-26.882542	3350	0.000000
281474976710655.000000	-25.439148	3351	0.000000
281474976710655.000000	-24.308998	3352	0.000000
281474976710655.000000	-24.447905	3353	0.000000
281474976710655.000000	-25.004112	3354	0.000000
281474976710655.000000	-24.408405	3355	0.000000
281474976710655.000000	-22.975559	3356	0.000000
281474976710655.000000	-27.387146	3357	0.000000
281474976710655.000000	-25.794943	3358	0.000000
281474976710655.000000	-26.792744	3359	0.000000
281474976710655.000000	-24.355099	3360	0.000000
281474976710655.000000	-24.800596	3361	0.000000
281474976710655.000000	-26.548767	3362	0.000000
281474976710655.000000	-24.926340	3363	0.000000
281474976710655.000000	-26.624264	3364	0.000000
281474976710655.000000	-24.107592	3365	0.000000
281474976710655.000000	-25.455606	3366	0.000000
281474976710655.000000	-23.532187	3367	0.000000
281474976710655.000000	-26.760593	3368	0.000000
281474976710655.000000	-23.957348	3369	0.000000
281474976710655.000000	-23.767155	3370	0.000000
281474976710655.000000	-23.931986	3371	0.000000
281474976710655.000000	-23.585703	3372	0.000000
281474976710655.000000	-25.214128	3373	0.000000
281474976710655.000000	-24.257809	3374	0.000000
281474976710655.000000	-22.789646	3375	0.000000
281474976710655.000000	-25.980824	3376	0.000000
281474976710655.000000	-23.428173	3377	0.000000
281474976710655.000000	-23.447622	3378	0.000000
281474976710655.000000	-23.602421	3379	0.000000
281474976710655.000000	-23.256004	3380	0.000000
281474976710655.000000	-24.154171	3381	0.000000
281474976710655.000000	-24.168072	3382	0.000000
281474976710655.000000	-23.154125	3383	0.000000
281474976710655.000000	-24.955929	3384	0.000000
281474976710655.000000	-23.587749	3385	0.000000
281474976710655.000000	-23.110060	3386	0.000000
281474976710655.000000	-23.547405	3387	0.000000
281474976710655.000000	-22.275534	3388	0.000000
281474976710655.000000	-24.624104	3389	0.000000
281474976710655.000000	-23.156500	3390	0.000000
281474976710655.000000	-23.344238	3391	0.000000
281474976710655.000000	-22.996511	3392	0.000000
281474976710655.000000	-23.685141	3393	0.000000
281474976710655.000000	-23.708580	3394	0.000000
281474976710655.000000	-24.831539	3395	0.000000
281474976710655.000000	-23.574623	3396	0.000000
281474976710655.000000	-24.960848	3397	0.000000
281474976710655.000000	-22.548178	3398	0.000000
281474976710655.000000	-24.674030	3399	0.000000
281474976710655.000000	-22.208044	3400	0.000000
281474976710655.000000	-22.259235	3401	0.000000
281474976710655.000000	-23.803284	3402	0.000000
281474976710655.000000	-23.209213	3403	0.000000
281474976710655.000000	-22.112103	3404	0.000000
281474976710655.000000	-24.393158	3405	0.000000
281474976710655.000000	-23.142351	3406	0.000000
281474976710655.000000	-23.454927	3407	0.000000
281474976710655.000000	-24.487799	3408	0.000000
281474976710655.000000	-21.961971	3409	0.000000
281474976710655.000000	-23.241879	3410	0.000000
281474976710655.000000	-22.347479	3411	0.000000
281474976710655.000000	-24.795349	3412	0.000000
281474976710655.000000	-22.763958	3413	0.000000
281474976710655.000000	-22.809711	3414	0.000000
281474976710655.000000	-22.930855	3415	0.000000
281474976710655.000000	-23.856730	3416	0.000000
281474976710655.000000	-22.015200	3417	0.000000
281474976710655.000000	-21.393293	3418	0.000000
281474976710655.000000	-22.092375	3419	0.000000
281474976710655.000000	-22.101421	3420	0.000000
281474976710655.000000	-24.569590	3421	0.000000
281474976710655.000000	-22.067932	3422	0.000000
281474976710655.000000	-22.856344	3423	0.000000
281474976710655.000000	-22.082937	3424	0.000000
281474976710655.000000	-24.137552	3425	0.000000
281474976710655.000000	-23.045053	3426	0.000000
281474976710655.000000	-22.954884	3427	0.000000
281474976710655.000000	-22.712879	3428	0.000000
281474976710655.000000	-23.798908	3429	0.000000
281474976710655.000000	-21.312389	3430	0.000000
281474976710655.000000	-22.755497	3431	0.000000
281474976710655.000000	-22.845852	3432	0.000000
281474976710655.000000	-23.498590	3433	0.000000
281474976710655.000000	-22.007576	3434	0.000000
281474976710655.000000	-21.553490	3435	0.000000
281474976710655.000000	-21.998972	3436	0.000000
281474976710655.000000	-23.509418	3437	0.000000
281474976710655.000000	-22.362375	3438	0.000000
281474976710655.000000	-22.291195	3439	0.000000
281474976710655.000000	-23.948479	3440	0.000000
281474976710655.000000	-21.350891	3441	0.000000
281474976710655.000000	-22.252920	3442	0.000000
281474976710655.000000	-22.030222	3443	0.000000
281474976710655.000000	-22.030939	3444	0.000000
281474976710655.000000	-23.268593	3445	0.000000
281474976710655.000000	-21.139826	3446	0.000000
281474976710655.000000	-22.711739	3447	0.000000
281474976710655.000000	-22.364161	3448	0.000000
281474976710655.000000	-21.273069	3449	0.000000
281474976710655.000000	-21.236391	3450	0.000000
281474976710655.000000	-21.842188	3451	0.000000
281474976710655.000000	-21.923407	3452	0.000000
281474976710655.000000	-21.646694	3453	0.000000
281474976710655.000000	-21.834763	3454	0.000000
281474976710655.000000	-22.271076	3455	0.000000
281474976710655.000000	-21.280031	3456	0.000000
281474976710655.000000	-21.176533	3457	0.000000
281474976710655.000000	-22.220617	3458	0.000000
281474976710655.000000	-22.453695	3459	0.000000
281474976710655.000000	-22.126112	3460	0.000000
281474976710655.000000	-21.833956	3461	0.000000
281474976710655.000000	-20.505358	3462	0.000000
281474976710655.000000	-22.389286	3463	0.000000
281474976710655.000000	-22.671137	3464	0.000000
281474976710655.000000	-21.429945	3465	0.000000
281474976710655.000000	-20.317442	3466	0.000000
281474976710655.000000	-21.007128	3467	0.000000
281474976710655.000000	-23.123272	3468	0.000000
281474976710655.000000	-21.541664	3469	0.000000
281474976710655.000000	-21.925381	3470	0.000000
281474976710655.000000	-20.352369	3471	0.000000
281474976710655.000000	-20.412350	3472	0.000000
281474976710655.000000	-22.557199	3473	0.000000
281474976710655.000000	-21.589254	3474	0.000000
281474976710655.000000	-21.567842	3475	0.000000
281474976710655.000000	-20.357443	3476	0.000000
281474976710655.000000	-21.316339	3477	0.000000
281474976710655.000000	-20.534166	3478	0.000000
281474976710655.000000	-22.405012	3479	0.000000
281474976710655.000000	-22.636692	3480	0.000000
281474976710655.000000	-21.189716	3481	0.000000
281474976710655.000000	-19.839012	3482	0.000000
281474976710655.000000	-21.058649	3483	0.000000
281474976710655.000000	-19.930531	3484	0.000000
281474976710655.000000	-21.381861	3485	0.000000
281474976710655.000000	-20.056250	3486	0.000000
281474976710655.000000	-21.184069	3487	0.000000
281474976710655.000000	-20.068708	3488	0.000000
281474976710655.000000	-20.676506	3489	0.000000
281474976710655.000000	-21.617548	3490	0.000000
281474976710655.000000	-20.110849	3491	0.000000
281474976710655.000000	-21.744905	3492	0.000000
281474976710655.000000	-21.404110	3493	0.000000
281474976710655.000000	-20.821894	3494	0.000000
281474976710655.000000	-21.221275	3495	0.000000
281474976710655.000000	-20.649040	3496	0.000000
281474976710655.000000	-20.232790	3497	0.000000
281474976710655.000000	-20.698402	3498	0.000000
281474976710655.000000	-20.260096	3499	0.000000
281474976710655.000000	-19.753374	3500	0.000000
281474976710655.000000	-20.086742	3501	0.000000
281474976710655.000000	-20.933426	3502	0.000000
281474976710655.000000	-21.843409	3503	0.000000
281474976710655.000000	-20.231527	3504	0.000000
281474976710655.000000	-20.957367	3505	0.000000
281474976710655.000000	-20.203327	3506	0.000000
281474976710655.000000	-20.452814	3507	0.000000
281474976710655.000000	-20.721867	3508	0.000000
281474976710655.000000	-19.911095	3509	0.000000
281474976710655.000000	-19.620098	3510	0.000000
281474976710655.000000	-19.968102	3511	0.000000
281474976710655.000000	-19.897644	3512	0.000000
281474976710655.000000	-20.346287	3513	0.000000
281474976710655.000000	-20.286446	3514	0.000000
281474976710655.000000	-20.577576	3515	0.000000
281474976710655.000000	-20.913338	3516	0.000000
281474976710655.000000	-21.046124	3517	0.000000
281474976710655.000000	-20.250299	3518	0.000000
281474976710655.000000	-19.191837	3519	0.000000
281474976710655.000000	-19.446222	3520	0.000000
281474976710655.000000	-19.868750	3521	0.000000
281474976710655.000000	-20.784002	3522	0.000000
281474976710655.000000	-19.670120	3523	0.000000
281474976710655.000000	-19.432148	3524	0.000000
281474976710655.000000	-19.951754	3525	0.000000
281474976710655.000000	-19.440147	3526	0.000000
281474976710655.000000	-19.500895	3527	0.000000
281474976710655.000000	-19.660603	3528	0.000000
281474976710655.000000	-20.138266	3529	0.000000
281474976710655.000000	-19.969614	3530	0.000000
281474976710655.000000	-20.258711	3531	0.000000
281474976710655.000000	-19.034733	3532	0.000000
281474976710655.000000	-20.411692	3533	0.000000
281474976710655.000000	-19.146473	3534	0.000000
281474976710655.000000	-19.238039	3535	0.000000
281474976710655.000000	-18.859631	3536	0.000000
281474976710655.000000	-20.070755	3537	0.000000
281474976710655.000000	-19.784805	3538	0.000000
281474976710655.000000	-20.652252	3539	0.000000
281474976710655.000000	-18.651997	3540	0.000000
281474976710655.000000	-19.151915	3541	0.000000
281474976710655.000000	-18.970665	3542	0.000000
281474976710655.000000	-19.712339	3543	0.000000
281474976710655.000000	-20.008598	3544	0.000000
281474976710655.000000	-19.419439	3545	0.000000
281474976710655.000000	-19.482761	3546	0.000000
281474976710655.000000	-19.115822	3547	0.000000
281474976710655.000000	-20.180952	3548	0.000000
281474976710655.000000	-19.406939	3549	0.000000
281474976710655.000000	-19.021128	3550	0.000000
281474976710655.000000	-19.828960	3551	0.000000
281474976710655.000000	-18.723516	3552	0.000000
281474976710655.000000	-19.298601	3553	0.000000
281474976710655.000000	-18.668621	3554	0.000000
281474976710655.000000	-19.749502	3555	0.000000
281474976710655.000000	-18.710228	3556	0.000000
281474976710655.000000	-19.914024	3557	0.000000
281474976710655.000000	-20.563446	3558	0.000000
281474976710655.000000	-19.116262	3559	0.000000
281474976710655.000000	-19.532116	3560	0.000000
281474976710655.000000	-18.631432	3561	0.000000
281474976710655.000000	-18.967430	3562	0.000000
281474976710655.000000	-19.045914	3563	0.000000
281474976710655.000000	-18.860153	3564	0.000000
281474976710655.000000	-19.879150	3565	0.000000
281474976710655.000000	-19.384207	3566	0.000000
281474976710655.000000	-19.177340	3567	0.000000
281474976710655.000000	-19.288559	3568	0.000000
281474976710655.000000	-19.668535	3569	0.000000
281474976710655.000000	-18.692839	3570	0.000000
281474976710655.000000	-18.088598	3571	0.000000
281474976710655.000000	-18.572086	3572	0.000000
281474976710655.000000	-19.732016	3573	0.000000
281474976710655.000000	-17.780363	3574	0.000000
281474976710655.000000	-18.031244	3575	0.000000
281474976710655.000000	-18.391678	3576	0.000000
281474976710655.000000	-18.619377	3577	0.000000
281474976710655.000000	-18.422596	3578	0.000000
281474976710655.000000	-18.494066	3579	0.000000
281474976710655.000000	-18.908684	3580	0.000000
281474976710655.000000	-18.862230	3581	0.000000
281474976710655.000000	-18.159573	3582	0.000000
281474976710655.000000	-18.281347	3583	0.000000
281474976710655.000000	-18.391363	3584	0.000000
281474976710655.000000	-19.091600	3585	0.000000
281474976710655.000000	-19.321518	3586	0.000000
281474976710655.000000	-18.900728	3587	0.000000
281474976710655.000000	-18.667051	3588	0.000000
281474976710655.000000	-18.387003	3589	0.000000
281474976710655.000000	-18.165958	3590	0.000000
281474976710655.000000	-17.650299	3591	0.000000
281474976710655.000000	-19.090279	3592	0.000000
281474976710655.000000	-18.739477	3593	0.000000
281474976710655.000000	-18.246040	3594	0.000000
281474976710655.000000	-18.537857	3595	0.000000
281474976710655.000000	-18.089550	3596	0.000000
281474976710655.000000	-18.349390	3597	0.000000
281474976710655.000000	-17.942011	3598	0.000000
281474976710655.000000	-18.770018	3599	0.000000
281474976710655.000000	-17.450861	3600	0.000000
281474976710655.000000	-19.116205	3601	0.000000
281474976710655.000000	-17.803612	3602	0.000000
281474976710655.000000	-17.995258	3603	0.000000
281474976710655.000000	-17.440786	3604	0.000000
281474976710655.000000	-18.926289	3605	0.000000
281474976710655.000000	-18.300161	3606	0.000000
