crossing time (s)	slope (V/s)	crossing number
281474976710655.000000	-5.792507	2031	0.000000
281474976710655.000000	-4.875273	2032	0.000000
281474976710655.000000	-5.485907	2033	0.000000
281474976710655.000000	-5.977947	2034	0.000000
281474976710655.000000	-5.422268	2035	0.000000
281474976710655.000000	-5.223750	2036	0.000000
281474976710655.000000	-5.177392	2037	0.000000
281474976710655.000000	-4.917547	2038	0.000000
281474976710655.000000	-3.085235	2039	0.000000
281474976710655.000000	-2.947203	2040	0.000000
281474976710655.000000	-2.807457	2041	0.000000
